HF onsets 1199; storm-force-only peaks 5283 (weighted to HF counts by basin x month)
80 comparisons; q < 0.05 in 36
basin  lag_h  quantity    hf_mean    sf_mean      diff      lo90      hi90      p  n_hf     n_sf_w        q
  atl      0        RE   0.151376   0.112469  0.038907  0.019601  0.058147 0.0030   654 654.000000 0.007500
  atl      0        LX   0.255352   0.186132  0.069220  0.029019  0.109648 0.0020   654 654.000000 0.005161
  atl      0     vmaxp  86.167291  81.740699  4.426591  2.983197  5.749295 0.0005   654 654.000000 0.001817
  atl      0 div300max   6.865610   5.818188  1.047422  0.943592  1.168426 0.0005   654 654.000000 0.001817
  pac      0        RE   0.095413   0.063008  0.032405  0.015488  0.048937 0.0010   545 544.773067 0.002857
  pac      0        LX   0.322936   0.197541  0.125395  0.093730  0.158567 0.0005   545 544.773067 0.001817
  pac      0     vmaxp  91.513510  87.585564  3.927946  2.520305  5.487143 0.0005   545 544.773067 0.001817
  pac      0    tdepth 281.520915 255.939148 25.581768 15.392147 37.062141 0.0005   409 398.127361 0.001817
  pac      0    tphase   0.981714   0.807244  0.174470  0.097722  0.247309 0.0005   389 361.619611 0.001817
  pac      0 div300max   7.128163   5.793115  1.335048  1.179797  1.505352 0.0005   545 545.000000 0.001817
  atl     12        RE   0.218310   0.142481  0.075829  0.031546  0.118089 0.0050   568 491.439365 0.012121
  atl     12        LX   0.264085   0.211418  0.052666  0.022910  0.085006 0.0010   568 491.439365 0.002857
  atl     12     vmaxp  85.300621  81.044404  4.256218  2.764155  5.756670 0.0005   568 491.439365 0.001817
  atl     12    tdepth 217.496012 198.397217 19.098795  9.273925 30.165777 0.0005   373 333.945188 0.001817
  atl     12     ttilt   6.113613   0.986887  5.126726  2.524165  7.390664 0.0020   349 308.521618 0.005161
  atl     12 div300max   6.293683   5.641329  0.652355  0.489386  0.822079 0.0005   568 491.439365 0.001817
  pac     12        RE   0.150515   0.090867  0.059648  0.028224  0.090090 0.0010   485 441.873207 0.002857
  pac     12        RX   0.068041   0.028512  0.039529  0.022198  0.057378 0.0005   485 441.873207 0.001817
  pac     12        LX   0.334021   0.209870  0.124151  0.087166  0.160261 0.0005   485 441.873207 0.001817
  pac     12     vmaxp  91.120052  87.352711  3.767341  2.858224  4.723222 0.0005   485 441.873207 0.001817
  pac     12    tdepth 267.589636 251.150724 16.438912  5.141976 27.861118 0.0150   323 297.043155 0.034286
  pac     12    tphase   1.020343   0.822786  0.197557  0.093138  0.294511 0.0010   308 272.846966 0.002857
  pac     12 div300max   6.920189   5.696205  1.223984  1.094865  1.357289 0.0005   485 441.873207 0.001817
  atl     24        RE   0.230769   0.126450  0.104320  0.059651  0.152037 0.0005   442 327.656401 0.001817
  atl     24     vmaxp  85.237688  80.111362  5.126325  2.896533  7.190468 0.0005   442 327.656401 0.001817
  atl     24    tdepth 221.394862 189.600680 31.794181 19.036942 43.714488 0.0005   293 223.420712 0.001817
  atl     24     ttilt   6.893998   1.311507  5.582491  1.427414  9.793555 0.0200   273 206.495943 0.044444
  atl     24    tphase   0.818871   0.637649  0.181223  0.090853  0.278638 0.0020   273 206.495943 0.005161
  atl     24 div300max   5.509276   5.345725  0.163551  0.065462  0.255713 0.0090   442 327.656401 0.021176
  pac     24        RE   0.168975   0.093515  0.075461  0.037590  0.113482 0.0010   361 295.044092 0.002857
  pac     24        RX   0.135734   0.040741  0.094993  0.057472  0.136075 0.0005   361 295.044092 0.001817
  pac     24     vmaxp  90.233939  87.341676  2.892263  1.713844  4.177987 0.0005   361 295.044092 0.001817
  pac     24 div300max   5.912031   5.431950  0.480081  0.278297  0.682546 0.0005   361 295.044092 0.001817
  atl     48        RE   0.276243   0.140220  0.136023  0.083974  0.189035 0.0005   181 142.242504 0.001817
  atl     48     vmaxp  83.445044  76.454068  6.990977  4.041138  9.794104 0.0005   181 142.242504 0.001817
  pac     48    tphase   1.220304   0.900791  0.319512  0.154279  0.494614 0.0010    58  51.948659 0.002857

all at lag 0 (HF onset vs storm-force-only peak):
basin  lag_h  quantity    hf_mean    sf_mean      diff      lo90      hi90      p  n_hf     n_sf_w        q
  atl      0        RE   0.151376   0.112469  0.038907  0.019601  0.058147 0.0030   654 654.000000 0.007500
  atl      0        LE   0.071865   0.066505  0.005360 -0.019130  0.030985 0.7140   654 654.000000 0.892308
  atl      0        RX   0.038226   0.046711 -0.008484 -0.019898  0.003175 0.2360   654 654.000000 0.370196
  atl      0        LX   0.255352   0.186132  0.069220  0.029019  0.109648 0.0020   654 654.000000 0.005161
  atl      0     nojet   0.000000   0.000000  0.000000  0.000000  0.000000 2.0000   654 654.000000 1.000000
  atl      0     vmaxp  86.167291  81.740699  4.426591  2.983197  5.749295 0.0005   654 654.000000 0.001817
  atl      0    tdepth 216.623612 202.452909 14.170702  3.996324 23.742198 0.0250   498 481.797829 0.054054
  atl      0     ttilt   3.042037  -0.097590  3.139627  0.059120  6.037924 0.0930   447 441.146825 0.177143
  atl      0    tphase   0.706364   0.699095  0.007269 -0.096518  0.108541 0.9090   447 441.146825 1.000000
  atl      0 div300max   6.865610   5.818188  1.047422  0.943592  1.168426 0.0005   654 654.000000 0.001817
  pac      0        RE   0.095413   0.063008  0.032405  0.015488  0.048937 0.0010   545 544.773067 0.002857
  pac      0        LE   0.040367   0.053374 -0.013007 -0.026315  0.000011 0.1020   545 544.773067 0.185455
  pac      0        RX   0.033028   0.026122  0.006905 -0.008201  0.024677 0.4960   545 544.773067 0.661333
  pac      0        LX   0.322936   0.197541  0.125395  0.093730  0.158567 0.0005   545 544.773067 0.001817
  pac      0     nojet   0.000000   0.000416 -0.000416 -0.001237  0.000000 0.7570   545 545.000000 0.903881
  pac      0     vmaxp  91.513510  87.585564  3.927946  2.520305  5.487143 0.0005   545 544.773067 0.001817
  pac      0    tdepth 281.520915 255.939148 25.581768 15.392147 37.062141 0.0005   409 398.127361 0.001817
  pac      0     ttilt  -2.552531   0.667542 -3.220073 -6.006343 -0.440178 0.0560   389 361.619611 0.114872
  pac      0    tphase   0.981714   0.807244  0.174470  0.097722  0.247309 0.0005   389 361.619611 0.001817
  pac      0 div300max   7.128163   5.793115  1.335048  1.179797  1.505352 0.0005   545 545.000000 0.001817