Pacific: monthly means over seasons (archive and A: 2004-05..2025-26; depth 1979-80..2025-26; v250 2004-05..2020-21; MSLP 1979-80..2020-21)
     archive HF/season  A HF/season  A cyclones/season  A HF share %  A real cyc/season  depth-strong/season (47 s)  v250 eddy (m2/s2)  MSLP eddy (Pa2)
Jun               0.14         0.23              86.27          0.26              30.27                        0.15              58.08          85043.0
Jul               0.00         0.18              83.91          0.22              25.59                        0.13              40.23          48555.0
Aug               0.18         0.77              71.50          1.08              25.46                        0.28              55.33          64577.0
Sep               1.55         1.82              59.96          3.03              26.64                        1.77              88.61         143210.0
Oct               3.95         4.41              60.14          7.33              30.36                        3.83             121.05         226720.0
Nov               5.14         5.23              62.86          8.32              34.04                        6.09             128.38         270420.0
Dec               8.00         8.45              74.27         11.38              37.96                        8.98             111.53         301310.0
Jan               8.59         8.27              72.64         11.39              37.77                        8.85              95.52         266470.0
Feb               5.68         6.14              60.23         10.19              30.50                        6.28             106.67         273700.0
Mar               4.00         3.77              65.23          5.78              32.04                        3.96             119.68         268780.0
Apr               1.50         1.27              65.96          1.93              29.27                        1.38             133.05         218540.0
May               0.18         0.18              76.32          0.24              29.77                        0.34             106.11         142500.0

Atlantic: monthly means over seasons (archive and A: 2004-05..2025-26; depth 1979-80..2025-26; v250 2004-05..2020-21; MSLP 1979-80..2020-21)
     archive HF/season  A HF/season  A cyclones/season  A HF share %  A real cyc/season  depth-strong/season (47 s)  v250 eddy (m2/s2)  MSLP eddy (Pa2)
Jun               0.14         0.18              68.96          0.26              23.77                        0.11              66.16          74143.0
Jul               0.09         0.27              68.23          0.40              23.14                        0.02              59.05          59206.0
Aug               0.45         0.82              64.68          1.26              24.27                        0.47              63.34          69075.0
Sep               1.73         2.59              59.14          4.38              29.50                        2.00              93.56         116410.0
Oct               3.82         4.05              58.73          6.89              30.46                        3.98             106.73         168300.0
Nov               4.50         4.50              62.32          7.22              32.91                        6.11             133.15         227790.0
Dec               8.45         9.32              62.23         14.97              36.14                        9.64             132.25         249230.0
Jan               9.36         9.86              64.77         15.23              35.64                       10.49             128.79         260510.0
Feb               8.77         9.27              59.00         15.72              33.36                        9.02             136.34         254200.0
Mar               5.95         6.82              67.27         10.14              36.09                        5.32             112.78         210240.0
Apr               1.77         1.95              70.18          2.78              32.91                        1.19             109.72         147120.0
May               0.64         0.55              66.86          0.82              27.64                        0.28              73.64          92447.0

Mean latitude by month (deg N)
     pac archive first-HF lat  pac A onset lat  pac A peak lat (all tracks)  atl archive first-HF lat  atl A onset lat  atl A peak lat (all tracks)
Jun                      37.4             27.0                         53.5                      43.9             40.8                         52.3
Jul                       NaN             26.2                         54.5                      42.2             42.9                         55.0
Aug                      46.2             30.1                         53.5                      52.2             34.1                         53.9
Sep                      47.5             34.7                         53.2                      50.7             38.4                         54.0
Oct                      46.9             40.7                         52.5                      51.5             47.7                         53.0
Nov                      47.6             45.1                         52.0                      54.8             54.4                         53.5
Dec                      46.3             43.2                         50.9                      54.6             53.9                         54.4
Jan                      43.5             42.6                         49.6                      54.1             53.4                         54.6
Feb                      45.2             43.0                         50.2                      51.2             51.3                         53.7
Mar                      44.2             43.0                         50.5                      52.9             53.7                         52.0
Apr                      44.6             41.9                         51.8                      52.5             52.4                         49.7
May                      41.5             28.8                         53.0                      50.7             52.8                         50.6

All 56 tests (log quantities: estimate is a log ratio, % is exp(estimate)-1; latitudes in degrees). q_bh is across all 56.
         test  estimate     lo     hi       x    x_lo    x_hi     p  q_bh  p_bonf7  loo_min  loo_max  detectable_80  n_seasons
 Q1-D_Jan-atl     0.037 -0.084  0.160   3.749  -8.040  17.337 0.537 0.603      NaN    0.004    0.060          0.175         22
     Q1-M-atl     0.552  0.410  0.689  73.634  50.635  99.252 0.001 0.003      NaN    0.527    0.590          0.203         22
 Q2-D_Jan-atl     0.012 -0.181  0.210   1.256 -16.556  23.426 0.909 0.925      NaN   -0.042    0.050          0.286         22
     Q2-M-atl     0.552  0.425  0.684  73.724  52.974  98.086 0.001 0.003      NaN    0.524    0.578          0.183         22
 Q3-D_Jan-atl     0.020 -0.030  0.071   2.007  -2.999   7.316 0.440 0.513      NaN    0.009    0.030          0.073         22
     Q3-M-atl    -0.029 -0.072  0.016  -2.884  -6.952   1.633 0.186 0.289      NaN   -0.041   -0.020          0.063         22
 Q4-D_Jan-atl    -0.007 -0.192  0.170  -0.736 -17.470  18.576 0.972 0.972      NaN   -0.053    0.026          0.262         22
     Q4-M-atl     0.582  0.434  0.725  78.883  54.337 106.492 0.001 0.003      NaN    0.551    0.612          0.208         22
 Q5-D_Jan-atl    -0.021 -0.094  0.050  -2.065  -8.970   5.127 0.602 0.648      NaN   -0.042   -0.003          0.104         22
     Q5-M-atl     0.031 -0.028  0.098   3.147  -2.728  10.267 0.353 0.459      NaN    0.013    0.044          0.091         22
 Q6-D_Jan-atl    -0.016 -0.203  0.167  -1.544 -18.392  18.214 0.897 0.925      NaN   -0.065    0.020          0.261         22
     Q6-M-atl     0.517  0.388  0.662  67.696  47.415  93.865 0.001 0.003      NaN    0.484    0.539          0.195         22
 Q7-D_Jan-atl     0.071 -0.058  0.203   7.395  -5.622  22.531 0.273 0.373      NaN    0.049    0.090          0.182         47
     Q7-M-atl     0.546  0.413  0.683  72.647  51.189  97.955 0.001 0.003      NaN    0.523    0.567          0.193         47
 Q8-D_Jan-atl     0.054 -0.067  0.172   5.536  -6.473  18.764 0.387 0.481      NaN    0.031    0.071          0.171         47
     Q8-M-atl     0.581  0.441  0.725  78.699  55.487 106.403 0.001 0.003      NaN    0.557    0.603          0.203         47
 Q9-D_Jan-atl    -0.042 -0.181  0.086  -4.086 -16.581   9.001 0.561 0.616      NaN   -0.069   -0.009          0.191         17
     Q9-M-atl     0.077 -0.007  0.170   8.058  -0.702  18.482 0.074 0.153      NaN    0.050    0.105          0.128         17
Q10-D_Jan-atl     0.034 -0.041  0.114   3.497  -4.042  12.020 0.372 0.473      NaN    0.021    0.048          0.107         42
    Q10-M-atl     0.151  0.101  0.208  16.344  10.642  23.104 0.001 0.003      NaN    0.142    0.161          0.075         42
Q11-D_Jan-atl     1.149 -0.123  2.590     NaN     NaN     NaN 0.090 0.176      NaN    0.879    1.434          1.954         22
    Q11-M-atl    -0.530 -2.240  1.095     NaN     NaN     NaN 0.539 0.603      NaN   -0.866   -0.152          2.398         22
Q12-D_Jan-atl     0.830 -0.679  2.348     NaN     NaN     NaN 0.289 0.385      NaN    0.541    1.163          2.167         22
    Q12-M-atl    -1.182 -3.181  0.839     NaN     NaN     NaN 0.229 0.326      NaN   -1.674   -0.705          2.834         22
Q13-D_Jan-atl     0.603 -0.205  1.521     NaN     NaN     NaN 0.149 0.253      NaN    0.410    0.737          1.218         22
    Q13-M-atl     1.474  0.602  2.313     NaN     NaN     NaN 0.002 0.006      NaN    1.332    1.686          1.215         22
Q14-D_Jan-atl     0.033 -0.297  0.361   3.330 -25.672  43.527 0.871 0.920      NaN   -0.067    0.099          0.470         17
    Q14-M-atl     0.507  0.365  0.651  65.987  44.030  91.728 0.001 0.003      NaN    0.463    0.537          0.208         17
 Q1-D_Jan-pac     0.196  0.038  0.346  21.592   3.876  41.345 0.014 0.036    0.098    0.165    0.243          0.220         22
     Q1-M-pac     0.493  0.314  0.706  63.666  36.919 102.666 0.001 0.003      NaN    0.441    0.526          0.278         22
 Q2-D_Jan-pac     0.092 -0.040  0.227   9.598  -3.962  25.438 0.184 0.289    1.000    0.055    0.119          0.187         22
     Q2-M-pac     0.545  0.385  0.728  72.397  46.958 107.131 0.001 0.003      NaN    0.512    0.578          0.246         22
 Q3-D_Jan-pac     0.036 -0.022  0.088   3.633  -2.173   9.220 0.221 0.326    1.000    0.024    0.052          0.079         22
     Q3-M-pac     0.086  0.045  0.126   8.965   4.638  13.457 0.001 0.003      NaN    0.079    0.093          0.057         22
 Q4-D_Jan-pac     0.056 -0.076  0.198   5.756  -7.341  21.925 0.424 0.505    1.000    0.014    0.082          0.198         22
     Q4-M-pac     0.459  0.305  0.645  58.213  35.669  90.669 0.001 0.003      NaN    0.423    0.491          0.246         22
 Q5-D_Jan-pac     0.058 -0.016  0.133   5.938  -1.572  14.267 0.134 0.250      NaN    0.038    0.076          0.106         22
     Q5-M-pac     0.079  0.032  0.131   8.254   3.224  14.020 0.003 0.009      NaN    0.064    0.092          0.071         22
 Q6-D_Jan-pac     0.102 -0.040  0.243  10.784  -3.904  27.486 0.149 0.253      NaN    0.067    0.130          0.198         22
     Q6-M-pac     0.575  0.409  0.759  77.642  50.557 113.644 0.001 0.003      NaN    0.536    0.611          0.253         22
 Q7-D_Jan-pac     0.118 -0.024  0.254  12.563  -2.391  28.872 0.091 0.176      NaN    0.096    0.143          0.196         47
     Q7-M-pac     0.495  0.379  0.620  63.973  46.068  85.976 0.001 0.003      NaN    0.477    0.514          0.172         47
 Q8-D_Jan-pac     0.084 -0.050  0.215   8.733  -4.855  23.978 0.233 0.326      NaN    0.053    0.104          0.190         47
     Q8-M-pac     0.392  0.276  0.516  47.933  31.816  67.612 0.001 0.003      NaN    0.375    0.412          0.174         47
 Q9-D_Jan-pac    -0.133 -0.242 -0.020 -12.422 -21.520  -1.983 0.023 0.054    0.161   -0.153   -0.104          0.161         17
     Q9-M-pac    -0.172 -0.290 -0.049 -15.811 -25.188  -4.806 0.005 0.014      NaN   -0.204   -0.146          0.169         17
Q10-D_Jan-pac    -0.075 -0.143 -0.001  -7.210 -13.287  -0.116 0.049 0.105      NaN   -0.090   -0.066          0.102         42
    Q10-M-pac     0.038 -0.012  0.095   3.895  -1.178   9.936 0.142 0.253      NaN    0.027    0.050          0.077         42
Q11-D_Jan-pac    -2.277 -3.342 -1.277     NaN     NaN     NaN 0.001 0.003    0.007   -2.511   -2.082          1.456         22
    Q11-M-pac    -0.940 -2.269  0.428     NaN     NaN     NaN 0.179 0.289      NaN   -1.260   -0.454          1.921         22
Q12-D_Jan-pac    -0.542 -1.839  0.624     NaN     NaN     NaN 0.409 0.498      NaN   -0.775   -0.147          1.733         22
    Q12-M-pac    -1.134 -2.926  0.568     NaN     NaN     NaN 0.207 0.313      NaN   -1.416   -0.572          2.512         22
Q13-D_Jan-pac    -0.980 -1.769 -0.259     NaN     NaN     NaN 0.008 0.021      NaN   -1.086   -0.803          1.075         22
    Q13-M-pac    -1.043 -1.894 -0.168     NaN     NaN     NaN 0.019 0.046      NaN   -1.260   -0.824          1.232         22
Q14-D_Jan-pac     0.204  0.018  0.362  22.619   1.864  43.590 0.038 0.085    0.266    0.164    0.252          0.248         17
    Q14-M-pac     0.709  0.467  0.951 103.232  59.582 158.840 0.001 0.003      NaN    0.648    0.767          0.346         17
