V tracks on read 50040
M tracks on read 83038
tracker basin     N    D  HD  RR_A2  RR_A1
      A   atl  7830 3699 736 1.2470 1.0113
      A   pac  8215 4029 642 1.1190 0.9754
      V   atl  9317 4828 629 1.2324 1.0125
      V   pac 10051 5302 609 1.1520 1.0010
      M   atl  3887 2215 586 1.2082 1.0060
      M   pac  4262 2486 558 1.1761 0.9772
V tracks on read 50040
(104606, 2021112500) 994.269 994.269
(81731, 2018011700) 1013.817 1013.817
(56827, 2013122712) 977.432 977.432
(26358, 2008122012) 1021.389 1021.389
(14370, 2006121812) 1016.122 1016.122
(100868, 2021021300) 1018.098 1018.098
(74222, 2016112800) 1008.735 1008.735
(61026, 2014101912) 980.053 980.053
(82943, 2018030400) 1030.67 1030.67
(44696, 2011123112) 974.522 974.522
(87077, 2018122412) 974.705 974.705
(21747, 2008020912) 973.282 973.281
(86360, 2018120200) 989.102 989.102
(35847, 2010050312) 1009.552 1009.552
(50941, 2013010700) 1006.532 1006.532
(69955, 2016020100) 999.432 999.432
(83105, 2018030812) 1004.087 1004.087
(44527, 2011122812) 988.043 988.043
(105925, 2022010612) 983.148 983.148
(47339, 2012040400) 1012.969 1012.969
(73562, 2016103112) 1020.755 1020.755
(19051, 2007110112) 1021.94 1021.94
(67582, 2015110612) 1013.636 1013.636
(80886, 2017121712) 994.97 994.97
(66407, 2015050300) 1005.37 1005.37
(18351, 2007101712) 1001.62 1001.62
(31569, 2009112300) 1011.974 1011.974
(103011, 2021050212) 1009.315 1009.315
(103549, 2021101400) 1027.709 1027.709
(24057, 2008092800) 1007.338 1007.338
spot-check matched 30 of 30
