# gust/pressure exceedance per million grid cells, Sep-May, 12Z every 11 days
# hf = gust >= 64 kt, sf = >= 50 kt, p980/p960 = MSLP below that
season basin n hf sf p980 p960 minp maxg
1940 atl 25 253.265 5134.805 3335.799 0.000 984.223 28.177
1940 pac 25 109.557 8451.776 16389.220 383.868 979.803 28.368
1941 atl 25 176.872 6923.487 7924.158 17.205 979.265 29.901
1941 pac 25 72.759 5362.437 11314.474 44.325 982.766 27.596
1942 atl 25 1052.976 14800.158 27557.681 1324.822 974.891 31.748
1942 pac 25 0.000 2636.894 3761.735 112.902 985.096 26.977
1943 atl 25 379.897 8831.920 13548.287 191.325 979.625 30.798
1943 pac 25 45.997 6507.349 9992.264 242.531 983.437 27.949
1944 atl 25 1445.949 14035.547 12782.299 572.599 979.464 30.817
1944 pac 25 56.869 4572.122 8808.882 66.069 982.509 28.323
1945 atl 25 1018.565 11658.437 12569.639 472.119 977.368 30.731
1945 pac 25 125.447 6460.516 18481.674 0.000 979.276 27.919
1946 atl 25 886.427 14577.175 22488.945 1827.911 975.172 31.791
1946 pac 25 265.947 4909.992 11042.673 161.408 982.749 27.990
1947 atl 25 765.988 11085.838 12595.103 2055.023 978.722 30.309
1947 pac 25 235.840 7364.570 15046.938 0.000 983.185 27.568
1948 atl 25 1094.269 11398.290 14628.792 0.000 979.534 32.290
1948 pac 25 153.882 7672.333 12487.821 490.916 978.535 29.003
1949 atl 25 747.406 14375.527 18682.404 1582.216 977.464 31.742
1949 pac 25 354.597 5133.287 8010.203 562.838 979.375 28.283
1950 atl 25 1470.725 10178.765 10213.176 205.778 981.097 30.477
1950 pac 25 296.891 6616.906 7579.502 250.057 979.401 29.770
1951 atl 25 519.606 12298.481 13668.037 247.759 976.814 31.041
1951 pac 25 434.883 7444.019 9314.015 294.382 980.244 27.396
1952 atl 25 222.983 5445.880 11021.834 804.528 982.277 30.238
1952 pac 25 548.621 10637.061 16151.707 286.855 977.513 30.375
1953 atl 25 932.537 10538.704 14005.265 216.789 977.655 31.180
1953 pac 25 475.862 9602.542 13514.813 42.652 976.514 29.763
1954 atl 25 167.926 8323.325 16151.821 131.450 975.982 30.445
1954 pac 25 1111.460 15077.045 17250.622 521.023 976.054 30.143
1955 atl 25 621.462 10895.201 4878.787 0.000 980.069 31.100
1955 pac 25 20.908 6629.451 8936.837 20.908 979.409 29.204
1956 atl 25 1083.257 16239.913 21237.763 1530.600 974.442 33.616
1956 pac 25 216.605 9274.708 12733.697 802.024 978.691 29.206
1957 atl 25 238.124 8132.689 13652.897 0.000 977.609 30.178
1957 pac 25 1881.704 11659.872 19905.915 979.322 975.260 30.592
1958 atl 25 401.232 11340.479 7768.621 0.000 977.651 32.201
1958 pac 25 199.879 5257.062 9506.366 111.230 981.327 29.140
1959 atl 25 256.018 8717.675 13175.272 392.973 978.877 30.934
1959 pac 25 1072.153 10621.171 14824.479 85.304 979.074 29.169
1960 atl 25 1451.455 13279.882 13378.297 622.839 976.536 32.538
1960 pac 25 612.181 12808.129 24362.625 377.177 976.960 28.741
1961 atl 25 902.944 11657.060 19464.221 971.078 977.771 31.606
1961 pac 25 60.215 6037.341 12195.948 434.883 981.522 28.142
1962 atl 25 1595.981 13259.923 13902.720 880.921 976.283 32.400
1962 pac 25 521.859 10448.891 20500.533 206.569 978.321 28.869
1963 atl 25 688.219 15172.485 19566.766 836.187 973.810 32.290
1963 pac 25 460.808 15887.432 32259.090 1856.614 976.170 29.389
1964 atl 25 83.275 6736.292 14968.772 42.670 979.252 30.514
1964 pac 25 589.600 8463.484 9041.377 0.000 979.359 30.101
1965 atl 25 930.473 9776.845 13729.289 183.066 977.600 30.813
1965 pac 25 408.121 11565.368 18165.548 1699.387 974.676 29.636
1966 atl 25 1069.493 10191.841 8345.348 110.803 979.273 31.114
1966 pac 25 268.456 4580.485 5083.109 16.726 986.223 28.052
1967 atl 25 560.899 6639.253 14381.033 448.719 980.234 30.639
1967 pac 25 386.376 8972.799 12781.367 113.739 981.751 28.944
1968 atl 25 155.538 5900.793 5256.620 0.000 982.214 29.560
1968 pac 25 550.294 7666.478 5824.918 137.992 982.035 29.347
1969 atl 25 230.554 9398.324 10701.812 110.115 978.207 30.465
1969 pac 25 107.048 7124.548 19979.510 43.488 978.855 28.986
1970 atl 25 155.538 4638.599 11943.360 406.738 979.153 28.843
1970 pac 25 119.593 6084.175 2515.629 0.000 983.626 28.447
1971 atl 25 716.436 11192.512 15138.074 267.717 977.082 31.535
1971 pac 25 135.483 7125.384 5180.957 77.777 982.290 29.533
1972 atl 25 2098.381 17424.339 18601.194 1759.089 975.581 31.808
1972 pac 25 346.233 9425.244 17032.344 634.761 976.278 29.720
1973 atl 25 522.359 11072.762 14364.515 838.939 977.824 31.481
1973 pac 25 60.215 5653.474 8023.584 0.000 982.049 28.487
1974 atl 25 2139.674 15269.524 17649.387 1567.764 975.774 31.527
1974 pac 25 74.432 9148.425 11660.708 266.784 978.054 29.017
1975 atl 25 1228.472 14147.038 15603.310 578.793 974.542 32.215
1975 pac 25 260.930 6102.574 10141.128 168.935 980.167 29.102
1976 atl 25 763.235 9248.292 10236.575 871.974 977.874 31.607
1976 pac 25 115.411 7865.521 25394.635 340.379 976.660 27.587
1977 atl 25 772.182 12531.099 29062.129 1068.805 973.475 31.564
1977 pac 25 1782.182 13616.007 19607.351 2218.738 974.577 30.586
1978 atl 25 419.814 8350.854 13477.401 232.618 977.407 31.528
1978 pac 25 479.207 7095.277 12406.699 303.582 978.351 29.373
1979 atl 25 1050.223 10274.427 11443.712 0.000 978.199 31.750
1979 pac 25 182.316 8358.109 20550.712 379.686 973.808 29.450
1980 atl 25 958.690 15337.658 13710.019 83.275 976.563 31.404
1980 pac 25 306.090 8762.048 16650.149 99.521 976.948 28.662
1981 atl 25 1767.347 13877.256 12145.008 495.518 977.444 31.649
1981 pac 25 438.228 6330.887 6994.919 86.140 981.320 28.242
1982 atl 25 1425.302 17746.426 23758.710 2482.407 976.134 31.755
1982 pac 25 229.986 9691.192 25599.532 649.815 977.284 28.200
1983 atl 25 1108.721 16003.166 18464.238 608.386 978.952 30.803
1983 pac 25 398.921 8143.177 15515.273 300.236 978.201 30.116
1984 atl 25 990.348 11160.854 16061.664 820.358 979.217 31.885
1984 pac 25 551.130 8293.713 12583.161 46.834 976.832 28.922
1985 atl 25 1324.822 15334.217 22099.413 1191.308 973.028 32.909
1985 pac 25 285.183 9190.240 20258.002 382.195 976.889 30.292
1986 atl 25 1712.978 13231.706 10500.852 111.492 976.968 32.799
1986 pac 25 506.805 12203.475 30537.122 1615.756 977.066 29.196
1987 atl 25 372.327 7880.112 14808.417 14.453 974.960 32.141
1987 pac 25 646.470 10957.369 24885.321 810.387 974.896 30.301
1988 atl 25 1163.091 16436.744 22286.609 1797.629 975.810 31.894
1988 pac 25 130.465 7123.712 9125.008 402.266 982.256 28.683
1989 atl 25 502.400 11898.625 26466.165 222.983 974.139 32.953
1989 pac 25 200.715 3258.274 5175.939 0.000 982.337 27.122
1990 atl 25 1261.506 10086.544 9946.147 367.509 977.024 30.975
1990 pac 25 229.986 5088.963 10633.716 0.000 980.427 29.059
1991 atl 25 489.324 11058.309 11755.476 244.318 977.340 31.639
1991 pac 25 378.850 11840.515 25593.677 747.664 974.331 29.595
1992 atl 25 737.083 14120.198 20175.152 3628.981 976.220 31.003
1992 pac 25 536.913 9119.154 13756.508 360.451 978.816 28.310
1993 atl 25 856.145 13407.202 21559.161 723.319 972.952 32.295
1993 pac 25 234.168 7464.091 9739.698 362.960 980.743 28.558
1994 atl 25 589.116 11160.854 16526.901 799.023 979.259 30.935
1994 pac 25 358.778 7418.094 16804.867 0.000 980.562 29.996
1995 atl 25 1125.927 8571.084 12884.844 121.127 977.140 31.401
1995 pac 25 93.667 6330.887 12426.770 17.563 978.210 29.038
1996 atl 25 1043.341 14828.375 15118.804 1381.945 976.646 32.284
1996 pac 25 40.979 8990.361 19628.259 23.417 977.346 29.076
1997 atl 25 520.982 8364.619 14279.864 6.194 979.420 31.377
1997 pac 25 730.101 14684.815 29997.700 321.144 976.076 30.048
1998 atl 25 655.185 14359.010 17249.531 490.012 976.347 31.614
1998 pac 25 1437.622 17523.260 24889.502 2188.630 974.408 30.527
1999 atl 25 1347.534 14120.886 18142.152 2183.720 974.311 31.864
1999 pac 25 867.256 12461.896 23236.948 1250.287 974.384 30.800
2000 atl 25 808.658 14875.862 17182.774 523.735 973.985 30.715
2000 pac 25 608.836 12050.430 11507.663 170.608 978.421 30.811
2001 atl 25 1016.500 8425.870 10981.917 1050.911 978.159 31.364
2001 pac 25 253.403 10224.759 16012.879 607.163 976.212 29.771
2002 atl 25 862.339 13411.332 12494.623 150.720 976.508 33.528
2002 pac 25 885.655 11346.254 28037.383 819.586 975.113 30.134
2003 atl 25 557.458 9140.930 10651.572 0.000 978.686 30.713
2003 pac 25 501.788 12110.644 16497.104 642.288 976.833 30.001
2004 atl 25 913.955 10256.534 3100.428 151.408 979.353 32.991
2004 pac 25 267.620 11633.110 21219.762 886.491 979.427 28.614
2005 atl 25 653.120 9365.978 8021.885 395.038 978.158 31.505
2005 pac 25 622.217 9753.915 18494.219 137.992 979.821 30.039
2006 atl 25 1051.599 16268.818 19935.651 763.924 974.488 32.620
2006 pac 25 384.704 10052.479 22078.655 735.119 978.705 29.465
2007 atl 25 1343.404 13225.512 10223.499 456.289 978.019 31.636
2007 pac 25 245.040 9244.601 9301.470 669.050 978.096 29.286
2008 atl 25 1214.707 12153.266 17963.903 1052.976 975.105 32.412
2008 pac 25 131.301 9916.996 9134.207 603.818 982.952 28.920
2009 atl 25 777.000 10988.111 10693.553 156.226 977.804 32.401
2009 pac 25 189.007 9056.430 25884.714 555.312 977.044 29.327
2010 atl 25 1108.721 11683.213 16952.909 668.261 977.081 32.614
2010 pac 25 32.616 5870.915 11827.134 651.488 977.452 28.194
2011 atl 25 1513.394 12849.056 15560.641 800.399 976.406 32.082
2011 pac 25 688.285 9636.831 10794.288 21.744 978.987 30.369
2012 atl 25 804.528 12375.561 13115.397 103.233 978.371 32.635
2012 pac 25 173.953 8146.522 8098.852 141.337 979.778 29.416
2013 atl 25 1249.118 12471.912 22550.197 661.379 976.577 33.085
2013 pac 25 499.279 6976.521 8835.644 485.898 979.710 28.424
2014 atl 25 2336.505 14548.958 23757.334 1840.987 973.050 31.779
2014 pac 25 235.004 5152.523 23920.216 77.777 978.390 28.572
2015 atl 25 789.388 11046.610 18720.944 465.925 977.631 31.596
2015 pac 25 597.964 11172.301 21366.953 30.944 977.440 29.238
2016 atl 25 604.945 13425.096 16398.204 1613.875 975.132 32.258
2016 pac 25 442.409 14274.185 18885.613 712.538 975.914 30.343
2017 atl 25 581.545 12141.567 14268.165 516.165 976.040 31.821
2017 pac 25 475.862 10840.285 15392.335 546.112 981.269 28.768
2018 atl 25 493.453 12368.679 10014.969 369.574 976.431 32.928
2018 pac 25 944.197 11847.206 23958.686 270.965 976.760 29.201
2019 atl 25 1767.347 14659.762 15319.076 831.369 977.015 32.458
2019 pac 25 462.481 13649.460 16242.029 853.875 973.905 29.902
2020 atl 25 238.812 8699.093 7838.131 58.499 979.923 29.886
2020 pac 25 830.459 11018.420 18469.130 1448.494 977.448 28.433
2021 atl 25 239.500 10668.089 11012.199 0.000 980.443 31.609
2021 pac 25 518.514 9640.176 16293.044 892.346 978.980 29.427
2022 atl 25 874.039 11878.667 14957.072 41.981 972.498 33.291
2022 pac 25 936.670 13876.937 14079.324 117.084 980.868 29.807
2023 atl 25 900.879 10926.171 16471.843 601.504 977.038 31.479
2023 pac 25 868.929 8688.453 5844.989 54.360 981.705 28.940
2024 atl 25 381.962 7750.727 8003.303 0.000 980.268 31.107
2024 pac 25 710.866 11791.173 14458.174 271.802 978.328 30.649
2025 atl 25 552.640 16229.590 19929.458 854.769 974.758 31.540
2025 pac 25 78.613 5959.564 11649.836 7.527 981.126 28.599
