Held-out seasons 2015-16..2025-26; terciles from fit seasons 2004-05..2014-15; ERA5 proxy, pipeline A.
basin                               cut  level    lo    hi         n    n_elig  n_bomb      bomb  fw_bomb  n_hf24     hf24  fw_hf24  n_hfon     hfon
  atl                       jet tercile      1   NaN 95.08 1.215e+04      7319      15  0.002049 0.003399     186  0.01531  0.01323      93 0.007738
  atl                       jet tercile      2 95.08 118.6 1.233e+04      7897     107   0.01355  0.01354     294  0.02385  0.02341     175  0.01443
  atl                       jet tercile      3 118.6   NaN 1.305e+04      8630     669   0.07752  0.07639    1121  0.08592   0.0812     750  0.05997
  atl                    trough tercile      1   NaN 113.4 1.369e+04      8420     237   0.02815  0.02282     347  0.02535  0.02133     225  0.01664
  atl                    trough tercile      2 113.4 191.6 1.174e+04      7583     225   0.02967  0.03087     365  0.03108  0.02817     239   0.0207
  atl                    trough tercile      3 191.6   NaN 1.209e+04      7843     329   0.04195  0.04651     889  0.07353  0.07326     554   0.0478
  atl                         jet >= kt     80    80   NaN 3.167e+04  2.04e+04     786   0.03853  0.03845    1505  0.04752  0.04532     970  0.03142
  atl                          jet < kt     80   NaN    80      5848      3448       5   0.00145 0.001976      96  0.01642  0.01253      48 0.008296
  atl                         jet >= kt     90    90   NaN 2.777e+04 1.802e+04     782    0.0434  0.04301    1453  0.05232  0.04972     948  0.03509
  atl                          jet < kt     90   NaN    90      9750      5828       9  0.001544  0.00275     148  0.01518   0.0131      70 0.007261
  atl                         jet >= kt    100   100   NaN 2.287e+04 1.491e+04     765   0.05131  0.05057    1360  0.05946  0.05706     886  0.03997
  atl                          jet < kt    100   NaN   100 1.465e+04      8938      26  0.002909 0.004155     241  0.01645  0.01388     132 0.009112
  atl                         jet >= kt    110   110   NaN 1.748e+04 1.147e+04     725    0.0632  0.06216    1260  0.07206   0.0681     828  0.04915
  atl                          jet < kt    110   NaN   110 2.004e+04 1.238e+04      66  0.005333 0.006298     341  0.01702  0.01586     190 0.009592
  atl                         jet >= kt    120   120   NaN 1.234e+04      8149     654   0.08026  0.07955    1094  0.08867  0.08386     736   0.0623
  atl                          jet < kt    120   NaN   120 2.518e+04  1.57e+04     137  0.008728 0.009097     507  0.02013  0.01882     282  0.01135
  atl                         jet >= kt    130   130   NaN      8254      5481     579    0.1056   0.1029     922   0.1117   0.1027     628  0.08017
  atl                          jet < kt    130   NaN   130 2.927e+04 1.836e+04     212   0.01154  0.01236     679   0.0232  0.02257     390  0.01353
  atl                         jet >= kt    140   140   NaN      5116      3392     467    0.1377   0.1345     709   0.1386   0.1264     503   0.1044
  atl                          jet < kt    140   NaN   140 3.241e+04 2.045e+04     324   0.01584  0.01638     892  0.02753  0.02661     515  0.01618
  atl                         jet >= kt    150   150   NaN      2926      1942     329    0.1694   0.1713     501   0.1712    0.152     360   0.1321
  atl                          jet < kt    150   NaN   150  3.46e+04  2.19e+04     462   0.02109  0.02092    1100   0.0318  0.03075     658  0.01939
  atl                         jet >= kt    160   160   NaN      1543      1022     205    0.2006   0.2045     302   0.1957   0.1761     218   0.1534
  atl                          jet < kt    160   NaN   160 3.598e+04 2.282e+04     586   0.02567   0.0255    1299   0.0361  0.03438     800  0.02271
  atl    jet SD (fit, clipped 1-99 pct)    NaN 27.33   NaN       NaN       NaN     NaN       NaN      NaN     NaN      NaN      NaN     NaN      NaN
  atl trough SD (fit, clipped 1-99 pct)    NaN 87.18   NaN       NaN       NaN     NaN       NaN      NaN     NaN      NaN      NaN     NaN      NaN
  pac                       jet tercile      1   NaN 91.94 1.368e+04      7671       7 0.0009125 0.002257      69 0.005045 0.005255      26 0.001908
  pac                       jet tercile      2 91.94 124.2 1.409e+04      8759      96   0.01096  0.01333     159  0.01128  0.01429      86 0.006159
  pac                       jet tercile      3 124.2   NaN 1.382e+04      9286     861   0.09272  0.08854     993  0.07185  0.06959     647   0.0486
  pac                    trough tercile      1   NaN 101.8 1.556e+04      9620     332   0.03451   0.0327     377  0.02422  0.02047     261  0.01694
  pac                    trough tercile      2 101.8 175.7 1.322e+04      8158     308   0.03775   0.0375     326  0.02466  0.02504     206  0.01578
  pac                    trough tercile      3 175.7   NaN  1.28e+04      7938     324   0.04082  0.04228     518  0.04047  0.04571     292  0.02347
  pac                         jet >= kt     80    80   NaN 3.264e+04 2.074e+04     960   0.04629  0.04578    1172   0.0359  0.03643     744  0.02325
  pac                          jet < kt     80   NaN    80      8946      4976       4 0.0008039 0.001367      49 0.005477 0.005102      15 0.001684
  pac                         jet >= kt     90    90   NaN 2.872e+04 1.852e+04     957   0.05167  0.05082    1159  0.04035  0.04073     736  0.02621
  pac                          jet < kt     90   NaN    90 1.287e+04      7193       7 0.0009732 0.002072      62 0.004819 0.005054      23 0.001794
  pac                         jet >= kt    100   100   NaN 2.441e+04 1.595e+04     952   0.05969  0.05802    1130  0.04629  0.04649     724  0.03043
  pac                          jet < kt    100   NaN   100 1.718e+04      9766      12  0.001229 0.003153      91 0.005297 0.005832      35 0.002046
  pac                         jet >= kt    110   110   NaN 2.002e+04 1.324e+04     936   0.07069  0.06777    1100  0.05496  0.05418     710  0.03655
  pac                          jet < kt    110   NaN   110 2.157e+04 1.248e+04      28  0.002244  0.00472     121 0.005609 0.006977      49 0.002282
  pac                         jet >= kt    120   120   NaN 1.558e+04 1.044e+04     888   0.08506  0.08132    1032  0.06624  0.06433     673  0.04473
  pac                          jet < kt    120   NaN   120 2.601e+04 1.528e+04      76  0.004975  0.00702     189 0.007267 0.008944      86 0.003326
  pac                         jet >= kt    130   130   NaN 1.152e+04      7779     815    0.1048  0.09997     925  0.08026  0.07705     610   0.0551
  pac                          jet < kt    130   NaN   130 3.006e+04 1.794e+04     149  0.008307 0.009952     296 0.009846  0.01154     149 0.004995
  pac                         jet >= kt    140   140   NaN      8071      5489     706    0.1286   0.1233     807  0.09999  0.09295     539  0.07011
  pac                          jet < kt    140   NaN   140 3.352e+04 2.023e+04     258   0.01276  0.01382     414  0.01235  0.01446     220 0.006624
  pac                         jet >= kt    150   150   NaN      5273      3612     569    0.1575   0.1534     657   0.1246   0.1125     444  0.08919
  pac                          jet < kt    150   NaN   150 3.632e+04  2.21e+04     395   0.01787  0.01819     564  0.01553  0.01767     315 0.008769
  pac                         jet >= kt    160   160   NaN      3200      2224     445    0.2001   0.1897     497   0.1553   0.1388     345   0.1153
  pac                          jet < kt    160   NaN   160 3.839e+04 2.349e+04     519   0.02209  0.02275     724  0.01886   0.0206     414  0.01092
  pac    jet SD (fit, clipped 1-99 pct)    NaN  34.4   NaN       NaN       NaN     NaN       NaN      NaN     NaN      NaN      NaN     NaN      NaN
  pac trough SD (fit, clipped 1-99 pct)    NaN  81.6   NaN       NaN       NaN     NaN       NaN      NaN     NaN      NaN      NaN     NaN      NaN